0.000000
3.074295
1.250037
4.414972
8.341028
11.507100
15.045934
17.147330
22.133182
25.925528
27.266140
28.656943
30.039627
31.571410
28.951033
26.320624
20.900594
14.937170
12.894975
10.166911
9.548059
8.333574
0.827160
-6.846423
-10.385879
-8.356711
-4.694891
1.177456
4.895607
2.713337
1.428048
-1.979337
-7.133422
-6.944389
-8.848026
-13.200384
-15.414149
-17.107371
-18.089590
-21.495493
-27.688611
-28.443460
-25.861523
-18.783956
-12.929570
-6.214554
-3.826086
-3.179340
-0.085312
0.316921
0.397991
-3.198908
-10.584245
-18.337161
-20.293453
-21.926744
-22.418081
-23.136449
-23.911862
-25.133423
-29.834129
-29.324851
-30.359520
-26.262322
-19.905062
-16.775639
-14.355844
-13.070983
-8.772672
-7.842772
-5.671319
-4.176996
-5.012401
-2.841784
-2.051806
-1.109472
2.967920
8.098197
16.213612
23.448671
32.910686
37.870449
45.210938
47.249449
49.440807
47.222007
44.759987
42.755768
41.722292
39.878629
39.687682
30.169450
23.444480
18.451373
13.242720
3.876857
-1.315079
-0.746019
1.427054
5.467277
7.113956
13.958019
20.725014
24.241198
24.726592
23.070262
23.292548
19.942784
14.932049
10.840990
3.022522
-1.497021
-7.922001
-16.574309
-21.087309
-24.594770
-29.020465
-29.266418
-26.508685
-24.335852
-21.969530
-17.172977
-12.718213
-7.094787
-1.458895
0.058407
1.950787
2.642160
5.733498
6.263754
5.238002
-0.311787
-1.540996
-7.888762
-17.011939
-21.018546
-25.662345
-24.223526
-24.117589
-25.081026
-24.801306
-24.764425
-28.953538
-32.086598
-33.417737
-40.408346
-41.961428
-39.801488
-34.462936
-24.539284
-13.210385
-4.363862
7.371000
14.599279
16.690557
17.448195
19.308666
17.423409
12.412362
11.202452
6.434889
8.395422
11.102674
11.090371
10.041533
9.252001
12.964693
20.120163
23.970085
29.900408
35.778792
41.058394
36.943859
32.319052
23.314424
13.836424
12.700807
15.890926
17.100870
15.263115
16.536778
20.021244
17.674982
10.367618
3.261685
0.878852
1.945527
-2.965672
-1.874621
3.284780
5.737735
9.119424
11.058029
12.114054
11.806396
13.556363
17.762439
20.443096
24.009240
23.402541
23.326581
27.124441
28.504561
28.679077
25.355604
22.728297
18.487328
17.728533
18.288170
17.472499
18.140397
18.373375
13.961804
8.672701
3.284094
1.086869
-2.851658
-8.341976
-10.331608
-12.889581
-15.321071
-12.182669
-12.730185
-11.394422
-8.692083
-6.417752
-7.965856
-9.159396
-9.600855
-9.902593
-10.281380
-10.187645
-11.697095
-13.687193
-15.252304
-14.539680
-13.440437
-11.908165
-7.474997
-3.920507
-0.566522
1.918439
4.785558
2.530376
-0.167630
-0.463376
-1.658806
-2.696150
-3.284536
-0.866023
4.328940
11.869339
15.299182
13.263416
12.402540
12.329769
15.135983
15.232521
14.060875
12.009584
11.681170
11.897398
10.125198
8.745786
7.180728
4.845541
4.941119
4.414846
0.192524
-4.892582
-11.890888
-22.993548
-32.077818
-43.257214
-49.798567
-55.857592
-60.361706
-61.989021
-59.605008
-57.575436
-56.315394
-52.253355
-45.512208
-43.400548
-38.670582
-34.029451
-28.899317
-24.947202
-17.322193
-9.100939
-2.674477
1.823145
4.283018
10.629209
17.379549
22.008008
27.191889
29.021626
31.406752
31.132081
29.095566
31.889952
32.404128
30.882716
31.661494
28.987831
27.347863
27.105200
25.638555
24.232419
23.672939
23.055788
23.419293
21.773151
18.970856
13.916635
10.092364
7.049064
4.697975
3.380942
1.983362
-0.510890
-0.886698
1.143432
2.227969
2.201440
2.096406
-0.836965
-2.767635
-6.330929
-11.413796
-13.384679
-18.924722
-25.233165
-34.776337
-42.454536
-49.745038
-52.084054
-56.190847
-60.133871
-58.584548
-62.983665
-66.682370
-63.936024
-60.078424
-56.078485
-51.383509
-46.593063
-42.595172
-38.594201
-39.472309
-36.833396
-26.671320
-17.719435
-13.722776
-10.443585
-7.724354
-3.895670
5.023209
12.974145
18.938565
22.866593
26.790658
31.671589
32.191538
32.267934
30.069668
26.595759
20.486524
18.312585
14.767644
12.521197
11.784758
9.528413
5.300679
-4.099665
-11.397343
-14.583512
-16.905356
-16.714710
-15.746049
-16.028051
-12.562393
-10.838557
-8.834445
-6.850669
-3.056871
-0.780148
3.760055
10.416332
14.843807
17.811505
16.295503
18.759066
22.096704
23.490578
21.010131
26.096538
30.492018
31.366866
33.351259
32.066239
28.901320
24.525036
19.879319
17.243949
14.029238
8.626830
2.833154
-2.509345
-6.732082
-9.036788
-11.284508
-14.011380
-17.129322
-20.148813
-25.642091
-32.739825
-38.532106
-41.452102
-44.424097
-46.298869
-48.025473
-49.637604
-43.655674
-37.709986
-31.840572
-24.394977
-18.292118
-12.585349
-8.160601
-2.905992
2.212661
6.304127
14.743179
18.315990
17.774362
13.468438
14.643461
16.384675
20.025909
21.190950
19.761877
19.087094
17.988205
16.807761
13.521427
8.619090
5.129552
3.187330
-5.658429
-10.896674
-14.836149
-19.919540
-24.689247
-26.941728
-24.752136
-21.120916
-19.218401
-17.321570
-17.325389
-15.045974
-11.310191
-8.205129
-6.653732
-4.353238
-2.926826
-1.045132
-1.264612
-3.106865
-13.856013
-27.306487
-38.093074
-54.240915
-74.408888
-84.363510
-81.510284
-81.653850
-84.508629
-91.392365
-110.106930
-125.125223
-144.188066
-175.921030
-189.293738
-198.520484
-191.385502
-184.526123
-169.063108
-153.241301
-146.984825
-134.066072
-121.773118
-102.663362
-87.199525
-71.940955
-51.834187
-39.666636
-28.099745
-17.821103
-1.412246
12.274101
20.327583
32.465004
45.900108
49.699461
50.237803
52.205494
54.372462
46.820458
42.352247
40.679292
35.508171
29.450011
23.851514
26.041740
26.451260
19.550803
14.714326
7.334250
3.563886
2.152232
-0.275335
1.364526
0.946827
-2.942291
-6.425326
-1.311048
2.014182
5.553064
7.471466
8.486711
10.663881
18.754802
24.279722
29.635845
32.567073
35.738285
38.532626
43.194529
47.071085
55.119743
60.412347
62.994685
64.183210
58.158615
46.329159
42.744369
38.102742
34.443459
32.371214
28.837125
27.835871
21.513604
16.870886
9.212323
4.286767
-1.117658
-3.335833
-1.020002
0.006414
2.633144
2.520767
0.772326
-0.061794
-0.588647
0.243312
-2.318965
-0.730886
0.900521
1.997616
7.523304
11.209787
11.797063
11.120071
9.511316
10.588644
10.512402
10.237600
3.524106
-1.016321
-0.706464
-0.095636
2.752325
2.489921
2.036885
2.700156
5.866328
9.293660
11.530533
12.775409
14.059981
13.355499
11.865360
7.835100
5.335713
5.298482
3.156902
4.790132
5.733927
4.106527
-0.573378
-7.196388
-10.521449
-14.761713
-18.612807
-20.121495
-24.911436
-23.704785
-23.597421
-21.828028
-22.181141
-23.684826
-24.791127
-23.749609
-23.526053
-28.301868
-29.927802
-31.133904
-33.865974
-33.884731
-27.073760
-23.448803
-20.763139
-20.255074
-18.624635
-13.172788
-8.571310
-4.785985
-3.081563
-3.899832
-6.023725
-9.680911
-11.027977
-17.566069
-18.546783
-19.661560
-18.866542
-19.612709
-20.252950
-20.197055
-21.211256
-22.136396
-30.700341
-37.062843
-43.819522
-44.181826
-34.498719
-25.931540
-15.889816
-5.271395
10.202553
23.191288
32.096302
36.282396
44.418442
50.345120
55.935756
57.482824
60.466586
61.997084
64.653658
65.481991
63.432087
60.222499
53.937448
50.777360
52.502764
51.091879
55.122862
57.184443
58.863254
60.595403
59.534912
54.130457
47.616953
43.808943
43.309252
41.918226
37.380232
25.709547
20.476739
18.545125
21.544381
24.409528
21.950678
22.521964
22.955379
30.084683
34.422534
35.815130
33.748155
29.398765
27.481343
20.427132
18.332725
11.518191
6.709996
0.001191
-5.276365
-10.002926
-10.805996
-17.143039
-15.309014
-17.493227
-16.618697
-17.572403
-19.486170
-22.422128
-20.245215
-18.571994
-17.533884
-19.244440
-15.851991
-15.392212
-9.342742
-2.114811
2.118117
4.307668
6.507373
5.909540
1.111386
-0.863231
-2.695047
-6.889323
-5.291205
-3.452215
-3.570685
-3.628162
-5.079051
-2.640106
2.051648
6.611063
9.140191
12.571801
14.086314
13.158374
8.118000
5.878102
0.169894
-3.429633
-6.847985
-11.413368
-17.161062
-17.233560
-13.534064
-11.531562
-10.607448
-8.432730
-0.100919
5.168511
6.466133
7.567398
9.166874
9.348290
13.688755
17.838998
19.618251
19.057279
17.445544
15.449375
14.462035
12.355044
12.575373
11.731750
14.407634
17.986460
19.015048
15.224269
16.303534
16.469298
22.100844
28.276740
31.802696
31.675910
30.946096
30.489867
33.437541
35.340723
33.476586
33.393896
33.952838
32.957499
33.793503
34.214234
38.009496
43.114294
45.960049
47.268269
49.254142
49.669401
47.953264
45.301773
40.351738
37.585876
33.178255
32.278117
28.287177
23.949283
18.430726
14.781903
11.305845
8.112597
6.736127
9.998990
13.297947
15.823441
14.218449
8.605380
7.091487
6.331917
6.412712
3.612680
7.702152
5.178957
5.040034
5.249611
5.741301
6.251649
5.494546
4.739019
-0.799733
-3.850847
-3.663292
-5.066271
-4.349470
-4.905248
-6.244898
-5.178395
-2.265906
-1.416979
-0.513180
0.871131
3.540148
5.881037
7.357579
8.394714
9.533892
10.836038
12.902660
15.450262
14.287543
14.955946
13.800010
10.134153
6.742082
7.242064
8.912431
12.059216
12.561181
14.332136
17.990663
22.171238
25.117505
29.183849
30.412568
34.962555
35.711283
32.509388
28.261442
24.965974
24.564799
22.781972
18.588791
14.922848
9.027634
-2.043048
-10.079835
-10.117316
-11.938600
-15.390859
-18.416435
-22.281987
-23.122961
-21.706503
-18.152444
-14.030319
-7.841397
-4.161132
0.808771
10.113518
21.383293
31.277272
36.747452
41.153246
43.322305
44.702584
43.559783
41.602967
37.621327
32.415593
29.299348
25.920617
19.416360
12.090392
7.762789
4.625661
-1.243968
0.413711
1.183705
0.135171
-3.749981
-9.468365
-14.420489
-20.414192
-24.267573
-28.915459
-36.296106
-43.440178
-47.942663
-48.806649
-51.621463
-54.002334
-63.814994
-69.167352
-66.705207
-61.245194
-57.446359
-55.880920
-52.172610
-43.570416
-37.219745
-32.240926
-27.801427
-23.663244
-19.523105
-19.929194
-14.023728
-11.938067
-10.945574
-10.100215
-6.069323
-1.370161
1.673365
6.620628
11.082942
14.961828
19.901763
24.721666
29.724844
31.618851
30.528163
35.315591
45.729366
51.926819
52.693169
50.524613
42.899873
36.191374
29.504927
19.899054
1.007933
-10.350297
-15.760697
-18.899052
-27.448465
-31.889158
-33.459444
-30.766557
-30.025831
-34.974617
-38.330304
-35.486660
-30.070577
-26.295675
-24.262994
-27.014909
-23.408709
-19.346651
-19.679959
-22.434179
-32.143842
-35.195973
-42.605995
-71.244081
-75.566562
-74.677652
-76.181064
-68.569543
-64.613776
-70.627171
-72.227566
-74.998620
-68.158303
-60.924801
-47.708029
-42.590750
-32.145640
-19.123070
-1.790230
9.470769
16.205744
24.747547
31.939028
39.325348
42.605386
44.375617
50.240700
53.356205
51.121553
