0.000000
0.814438
0.941986
1.876097
3.616766
5.761018
8.306709
10.772677
13.942997
17.325399
20.217354
22.708906
24.971084
27.026298
27.814952
27.662365
26.059265
23.245769
20.520251
17.696821
15.395303
13.326677
9.765992
5.039752
0.596497
-2.159139
-3.174923
-2.292102
-0.614513
0.106253
0.315564
-0.412015
-2.211126
-3.395904
-4.735992
-6.924350
-9.206715
-11.454661
-13.456298
-15.827256
-19.226971
-21.925898
-23.189199
-22.264517
-19.991671
-16.443173
-13.116025
-10.424069
-7.570783
-5.273449
-3.436579
-3.000551
-4.668560
-8.079045
-11.242505
-14.147967
-16.492860
-18.451487
-20.172037
-21.792064
-24.253598
-25.911171
-27.318275
-27.172519
-25.349860
-23.129458
-20.815778
-18.729418
-16.014378
-13.713526
-11.342502
-9.175957
-7.756927
-6.178742
-4.880665
-3.704151
-1.777689
1.007095
5.181482
10.215100
16.464582
22.443333
28.884491
34.223016
38.795656
41.623276
43.030929
43.479177
43.420507
42.780148
42.108134
39.008576
34.792829
30.277841
25.479040
19.431850
13.557747
9.332825
6.755238
5.919882
5.732450
7.546992
10.800927
14.247370
17.038498
18.832775
20.314827
20.530462
19.332333
17.289665
13.661841
9.641560
4.823299
-1.135009
-6.806558
-11.964701
-17.009073
-20.807537
-22.851057
-23.747041
-23.675507
-22.283736
-19.963908
-16.605207
-12.525803
-9.011962
-5.809230
-3.220355
-0.500887
1.646773
2.950476
2.386454
1.571339
-0.805532
-5.089161
-9.385944
-13.866990
-16.856920
-19.117420
-21.075939
-22.455422
-23.397469
-25.195440
-27.279225
-29.058603
-32.185305
-34.872493
-36.337142
-36.022927
-33.143935
-27.987628
-21.777341
-13.948348
-6.114959
0.333960
5.475651
9.847962
12.595533
13.249049
13.270613
11.854760
11.180274
11.216545
11.132654
10.760680
10.261236
10.842457
13.202115
16.066531
19.803946
24.235424
28.928449
31.317813
31.884822
29.940234
25.982674
22.658271
20.903341
19.850245
18.485096
17.710955
17.974684
17.612296
15.473644
12.121498
9.117529
7.164076
4.350327
2.511004
2.525749
3.167640
4.492948
6.035503
7.581195
8.764969
10.151947
12.290534
14.677898
17.396882
19.198423
20.492862
22.419365
24.200940
25.567599
25.716734
25.106456
23.462488
21.988502
20.978070
20.013210
19.467636
19.063518
17.571134
15.048061
11.777795
8.782206
5.555395
1.692119
-1.740776
-4.980934
-8.065163
-9.550390
-10.743543
-11.205634
-10.755912
-9.783330
-9.405257
-9.355987
-9.406302
-9.485813
-9.609521
-9.724289
-10.202078
-11.107562
-12.241616
-12.937299
-13.144756
-12.876616
-11.494496
-9.511755
-7.130516
-4.687673
-2.073469
-0.680566
-0.327292
-0.151315
-0.352424
-0.800926
-1.359313
-1.190423
0.262451
3.312625
6.466112
8.325559
9.532332
10.422546
11.851458
12.964192
13.497130
13.317328
13.017973
12.738248
12.007797
11.124898
10.060954
8.645448
7.567273
6.617783
4.804574
2.128130
-1.728284
-7.565120
-14.322900
-22.332285
-30.048901
-37.406673
-44.119651
-49.577639
-52.976570
-54.912235
-55.925772
-55.444180
-53.161608
-50.723481
-47.544244
-43.839902
-39.635385
-35.410731
-30.257801
-24.245419
-18.052442
-12.276805
-7.393980
-2.082140
3.619466
9.052595
14.424215
18.878701
22.737676
25.436493
26.825223
28.539956
29.925524
30.466974
30.978669
30.585088
29.778108
29.081291
28.134554
27.056088
26.129403
25.229207
24.642688
23.789403
22.395441
20.050900
17.303840
14.440939
11.692796
9.303760
7.150085
4.883262
3.078163
2.286716
2.022250
1.892275
1.824020
1.041126
-0.022440
-1.744449
-4.361651
-6.809465
-10.107380
-14.282325
-19.957876
-26.248241
-32.895836
-38.457420
-43.687770
-48.601954
-51.801319
-55.336848
-58.885700
-60.725669
-60.941327
-59.928865
-57.816970
-54.929076
-51.642773
-48.059290
-45.627419
-43.038791
-38.350019
-32.502891
-27.116306
-22.267322
-17.980251
-13.822125
-8.400397
-2.287440
3.890464
9.525130
14.639084
19.634050
23.458394
26.297971
27.804725
27.957369
26.320347
24.398048
21.928223
19.422129
17.288921
15.018451
12.187837
7.573412
2.212098
-2.601137
-6.735022
-9.752499
-11.706104
-13.212503
-13.413198
-13.073382
-12.224523
-10.922100
-8.831365
-6.612636
-3.711166
0.225463
4.336403
8.210014
10.661902
13.127745
15.831431
18.198863
19.260723
21.370637
24.049783
26.191604
28.257621
29.422434
29.480216
28.327440
26.182330
23.854544
21.294073
17.866641
13.695640
9.139012
4.573256
0.557550
-3.002477
-6.329608
-9.581649
-12.781284
-16.588322
-21.243326
-26.182628
-30.580964
-34.604055
-38.083653
-41.117228
-43.778811
-44.143760
-42.797303
-40.150592
-36.087196
-31.336476
-26.218046
-21.162688
-15.951158
-10.660726
-5.584946
0.368308
5.691051
9.452059
11.021018
12.417978
13.841841
15.808358
17.513496
18.337399
18.715526
18.582106
18.116020
16.903924
14.760371
12.210733
9.757998
5.520719
0.937672
-3.521933
-8.203255
-12.961436
-17.109186
-19.590907
-20.417085
-20.480649
-19.996841
-19.503031
-18.450668
-16.612947
-14.336231
-12.146544
-9.861231
-7.802029
-5.813304
-4.408288
-3.870870
-6.315398
-11.746079
-18.732388
-28.296304
-40.835255
-52.910951
-61.233131
-67.540871
-73.024686
-78.933692
-88.162920
-98.862804
-111.776896
-129.628213
-146.258503
-161.027048
-170.255834
-175.358106
-175.045782
-170.517354
-165.184384
-157.538190
-148.262525
-135.769840
-122.104170
-107.674991
-91.632895
-76.480245
-62.282159
-49.146630
-35.041311
-21.029283
-8.570139
3.704558
16.239092
26.418875
33.896367
39.844242
44.706658
46.199463
45.890559
45.011505
42.862143
39.464131
35.232045
32.581531
30.694104
27.421120
23.652782
18.984074
14.550363
10.876065
7.554379
5.587923
4.085945
1.896488
-0.674434
-1.144815
-0.544533
0.953294
2.641132
4.197028
5.976938
9.430841
13.491153
18.013342
22.233483
26.162404
29.799759
33.710006
37.641042
42.706412
47.875068
52.314964
55.877326
56.873165
54.442473
51.622467
48.236122
44.657404
41.366556
37.842101
34.854552
30.900480
26.687253
21.588315
16.635719
11.543020
7.205106
4.619767
2.983595
2.505058
2.131323
1.482145
0.843550
0.339285
0.254970
-0.406436
-0.448686
-0.082733
0.467060
2.304075
4.660130
6.608836
7.903461
8.456101
9.143573
9.677205
9.980937
8.405869
6.005358
4.204627
2.960901
2.773823
2.574099
2.328288
2.303571
3.124948
4.653044
6.491860
8.268499
9.936662
10.992042
11.346324
10.548260
9.294337
8.334136
6.999407
6.379903
6.131932
5.496254
3.760538
0.714704
-2.428312
-5.848772
-9.397057
-12.457394
-15.989642
-18.343529
-20.094582
-20.914848
-21.553776
-22.332521
-23.160055
-23.441529
-23.535958
-24.849475
-26.193893
-27.539727
-29.274480
-30.606911
-29.796613
-28.206140
-26.285298
-24.725609
-23.127244
-20.412927
-17.133916
-13.653862
-10.551530
-8.441276
-7.522854
-7.856972
-8.504489
-10.729768
-12.682860
-14.524338
-15.763479
-16.946979
-18.029643
-18.814626
-19.640358
-20.450185
-23.306206
-27.036228
-31.609082
-35.118074
-35.196444
-32.974485
-28.638227
-22.573850
-13.911103
-3.959284
5.991443
14.658382
23.414774
31.557560
39.001255
44.866064
49.905316
53.931803
57.424595
60.069857
61.377897
61.446198
59.711020
57.484053
56.187516
54.818263
54.814693
55.335333
56.130929
57.174147
57.706198
56.721379
54.350980
51.611512
49.398794
47.391795
44.624211
39.425987
34.116006
29.595959
27.016303
25.921218
24.545681
23.722182
23.226832
24.764756
27.135076
29.455850
30.726915
30.556798
29.876505
27.454750
25.120269
21.555590
17.601835
12.752874
7.653316
2.555719
-1.449390
-6.067136
-9.015973
-11.701001
-13.451847
-14.915974
-16.449330
-18.277052
-18.992405
-19.015140
-18.745196
-18.901357
-18.147116
-17.427046
-15.297424
-11.771166
-7.976542
-4.506721
-1.354090
0.827046
1.176290
0.940630
0.227992
-1.424486
-2.330723
-2.631048
-2.950826
-3.238551
-3.871528
-3.691220
-2.241476
0.083164
2.523985
5.326269
7.805364
9.391421
9.247444
8.546927
6.530975
4.029045
1.177018
-2.239476
-6.362247
-9.524726
-10.939115
-11.455563
-11.522890
-10.963846
-8.252154
-4.768717
-1.761378
0.853981
3.324977
5.227366
7.748837
10.709542
13.387641
15.215160
16.034522
16.041610
15.766003
14.984688
14.433209
13.793402
13.957684
14.967078
15.970072
15.726438
15.853675
16.022796
17.656268
20.548914
23.649202
25.953416
27.448315
28.395235
29.870973
31.538518
32.279231
32.810387
33.272813
33.263814
33.425936
33.660879
34.853408
37.106967
39.507055
41.625299
43.767887
45.486072
46.311735
46.243403
44.868325
43.098013
40.545999
38.317369
35.546168
32.299063
28.372140
24.454112
20.620321
16.938583
13.886475
12.503049
12.405189
13.014273
13.105433
11.751512
10.417341
9.269924
8.482623
7.198005
7.338454
6.726672
6.181817
5.791020
5.652124
5.766891
5.674981
5.417227
3.755388
1.742485
0.221485
-1.253297
-2.167417
-3.003370
-3.992568
-4.459544
-4.026909
-3.466264
-2.723718
-1.754561
-0.323419
1.391012
3.057305
4.590073
6.061423
7.493988
9.072448
10.918536
11.981592
12.935304
13.304543
12.575395
11.107885
10.124234
9.812012
10.392061
10.929246
11.763288
13.375377
15.681983
18.209704
21.237433
23.884344
27.067445
29.628203
30.653585
30.289773
29.117464
28.077374
26.762635
24.621775
21.984291
18.426096
12.756742
6.364463
1.608093
-2.378304
-6.233506
-9.920453
-13.683123
-16.665359
-18.472100
-18.797672
-17.784665
-15.265454
-12.400516
-8.908023
-3.772151
3.110462
10.951188
18.293430
24.946157
30.457304
34.894831
37.827897
39.454396
39.545316
38.095599
36.014632
33.411215
29.653948
24.829485
20.032316
15.582765
10.707678
7.519704
5.392110
3.596300
1.266684
-1.945029
-5.568689
-9.764984
-13.868476
-18.130604
-23.194905
-28.910457
-34.401400
-38.732850
-42.669174
-46.166843
-51.315773
-56.505991
-59.688900
-60.560285
-60.097333
-59.228827
-57.527877
-53.960395
-49.560381
-44.905870
-40.092491
-35.306327
-30.656635
-27.358403
-23.376934
-19.861656
-17.017590
-14.788921
-12.144304
-8.990223
-5.884607
-2.306508
1.497450
5.384066
9.519607
13.867030
18.438225
22.355767
24.944845
28.084828
33.153211
38.522513
42.685939
45.176151
44.950178
42.931588
39.571642
34.478653
25.670576
15.984092
7.130556
-0.433461
-8.382805
-15.488882
-21.120688
-24.531067
-26.792867
-29.656937
-32.412146
-33.555771
-32.897954
-31.357731
-29.536524
-28.833404
-27.327288
-25.161761
-23.636966
-23.149185
-25.305556
-27.773824
-31.668876
-42.233240
-51.331942
-57.879426
-63.242120
-65.308307
-65.805019
-67.729524
-69.452023
-71.432468
-70.995128
-68.323598
-62.754099
-57.234573
-50.305398
-41.772149
-30.839437
-19.566945
-9.304481
0.696588
10.000499
18.827293
26.119156
31.980678
37.774763
42.751405
45.633306
