2210.38
2239.15
2200.99
2243.58
2258.8
2262.16
2274.81
2271.93
2306.44
2310.32
2300.2
2307.95
2315.5
2324.73
2298.2
2291.59
2269.06
2257
2283.15
2276.41
2291.87
2291.92
2233.35
2214.36
2236.4
2281.12
2302.71
2329.36
2321.09
2276.45
2275.91
2255.78
2230.32
2268.39
2248.71
2209.32
2213.26
2213.24
2217.87
2191.95
2157.07
2190.26
2210.1
2255.95
2256.67
2270.75
2250.06
2234.52
2252.39
2238.94
2238.39
2203.01
2150.98
2120.75
2154.18
2150.91
2162.88
2155.9
2153.4
2143.25
2098.75
2135.47
2119.31
2160.24
2182.51
2156.59
2152.06
2151.7
2177.67
2154.28
2161.2
2157.14
2133.98
2153.21
2149.12
2146.82
2182.92
2204.53
2244.27
2260.7
2304.67
2290.77
2327.77
2302.13
2315.48
2283.94
2286.92
2295.82
2304.11
2307.12
2324.73
2247.15
2260.88
2272.73
2262.1
2217.74
2236.08
2281.02
2295.63
2322.86
2312.7
2369.97
2390.42
2380.68
2353.92
2337.96
2355.67
2321.24
2295.51
2293.01
2257.3
2270.83
2248.35
2210.16
2233.46
2232.07
2210.99
2231.04
2259.1
2258.63
2257.47
2280.6
2290.19
2304.45
2315.07
2285.11
2284.01
2280.04
2298.2
2275.65
2264.2
2224.13
2251.32
2197.34
2159.88
2186.62
2170.05
2216.8
2199.53
2188.1
2196.99
2193.08
2147.81
2144.4
2142.69
2082.77
2103.72
2122.73
2151.88
2197.68
2233.74
2230.34
2276.65
2262.84
2232.25
2217.97
2231.9
2202.91
2165.46
2189.73
2160.57
2219.62
2236.35
2225.39
2213.57
2222.85
2264.51
2303.37
2291.08
2329.37
2344.91
2354.54
2294.34
2281.54
2242.1
2221.37
2275.15
2310.66
2303.41
2281.87
2315.18
2342.81
2306.68
2259.77
2251.38
2276.63
2301.62
2247.22
2284.95
2331.45
2325.19
2341.84
2335.31
2335.1
2327.66
2344.56
2364.17
2358.97
2377.87
2358.3
2359.23
2407.09
2406.38
2398.74
2370.62
2373.3
2357.79
2380.11
2393.43
2390.46
2409.32
2414.41
2371.33
2354.11
2354.28
2370.99
2346.39
2319.92
2338.2
2325.67
2322.41
2369.7
2339.85
2355.77
2371.69
2365.93
2333.81
2332.23
2333.11
2328.05
2321.32
2327.16
2308.48
2298.97
2300.22
2310.1
2314.79
2319.28
2346.25
2345.84
2352.42
2351.83
2359.02
2319.1
2312.79
2324.91
2315.17
2313.77
2312.09
2340.74
2371.14
2407.63
2388.59
2351.08
2359.52
2367.84
2391.8
2374.97
2366.71
2358.19
2372.18
2378.31
2365.36
2370.63
2372.33
2358.76
2372.25
2368.08
2334.21
2319.08
2290.13
2233.8
2221.82
2179.4
2191.91
2172.97
2163.94
2169.18
2188.43
2184.35
2175.51
2190.93
2214.36
2173.09
2188.2
2189.66
2192.87
2187.45
2221.56
2239.31
2237.71
2233.75
2223.27
2260.94
2280.6
2282.51
2295.6
2282.8
2300.2
2286.46
2276.6
2325.16
2319.71
2308.32
2331.08
2303.31
2317.17
2335.13
2327.67
2329.74
2341.09
2345.56
2356.49
2342.01
2339.07
2312.63
2312.77
2316.95
2315.36
2324.21
2321.52
2306.67
2321.41
2344.03
2342.51
2335.86
2335.41
2310.31
2305.79
2285.93
2263.92
2277.37
2240.78
2216.51
2164.14
2156.23
2138.23
2158.88
2127.61
2109.73
2140.19
2078.39
2064.12
2102.23
2110.11
2105.88
2108.05
2103.68
2098.41
2095.45
2051.44
2069.33
2135.25
2144.48
2107.16
2102.73
2106.89
2122.6
2174.41
2187.8
2189.21
2189.07
2200.95
2217.84
2192.71
2205.02
2191.61
2171.75
2147.32
2175.24
2159.68
2172.47
2186.31
2173.29
2152.5
2098.28
2099.3
2121.16
2121.87
2131.83
2134.37
2122.99
2159.91
2148.53
2154.8
2156.06
2173.75
2164.75
2183.25
2212.15
2208.54
2208.36
2175.27
2211.8
2227.93
2227.38
2194.1
2264.06
2272.45
2255.34
2272.17
2255.46
2248.81
2235.52
2226.15
2233.87
2229.92
2207.25
2194.58
2179.53
2188.24
2197.54
2190.58
2181.33
2169.09
2158.94
2122.3
2089.92
2081.89
2092.12
2073.11
2066.55
2054.11
2047.34
2102.19
2106.51
2112.93
2132.25
2131.85
2133.72
2128.04
2142.54
2151.74
2150.09
2200.1
2173.97
2145.01
2115.99
2157.61
2167.91
2194.42
2182.96
2165.08
2173.74
2175.95
2178.06
2158.04
2146.56
2148.41
2154.28
2083.79
2098.04
2098.18
2079.98
2065.9
2072.88
2106.63
2122.91
2111.76
2110.2
2092.89
2107.4
2126.31
2120.07
2115.29
2121.14
2113.49
2115.18
2099.88
2088.53
2000.9
1945.71
1933.51
1850.61
1768.91
1807.7
1889.67
1860.95
1822.85
1764.81
1625.99
1599.48
1505.64
1305.73
1365.97
1341.54
1429.28
1401.29
1469.43
1488.42
1405.45
1451.02
1441.83
1492.01
1475.9
1477.65
1512.84
1482.42
1491.55
1506.48
1581.05
1603.5
1579.18
1615.72
1662.4
1606.21
1597.9
1625.59
1640.06
1573.44
1605.12
1626.1
1601.91
1591.97
1594.25
1651.33
1648.68
1600.65
1598.84
1567.98
1587.35
1606.5
1587.31
1622.51
1614.32
1579.16
1572.55
1639.08
1640.18
1652.64
1637.84
1630.44
1644.74
1709.71
1707.59
1718.45
1722.65
1733.52
1736.36
1766.85
1786.58
1842.47
1841.25
1835.59
1841.18
1788.83
1741.47
1798
1787.81
1795.86
1807.85
1797.05
1825.99
1784.23
1793.36
1759.43
1769.47
1758.82
1772.38
1804.01
1800.96
1818.55
1800.93
1788.22
1791.68
1797.27
1801.64
1771.7
1794.78
1799.08
1796.04
1840.6
1845.34
1830.61
1820.25
1810.33
1830.87
1823.52
1824.53
1763.22
1767.54
1804.38
1811.46
1833.2
1818.64
1817.23
1823.15
1847.73
1855.86
1858.35
1856.56
1862.12
1840.33
1833.22
1815.03
1820.6
1841.46
1821.29
1848.35
1846.5
1829.79
1800.21
1772.61
1785.44
1769.19
1758.11
1772.85
1733.88
1773.37
1764.86
1772.89
1758.65
1743.93
1738.1
1745.73
1731.76
1682.26
1693.09
1685.4
1665.96
1674.14
1738.44
1718.21
1712.73
1694.18
1697.39
1731.85
1735.45
1736.61
1719.91
1698.91
1683.21
1660.12
1670.26
1627.59
1655.36
1648.11
1656.34
1641.42
1642.7
1645.32
1631.66
1625.54
1549.74
1542.76
1515.97
1556.14
1636.28
1640.94
1670.43
1697.49
1765.71
1779.34
1771.49
1749.41
1799.02
1793.56
1810.43
1789.79
1820.85
1832.04
1859.42
1860.15
1849.57
1852.69
1830.04
1853.38
1897.97
1890.11
1947.68
1958.53
1970.27
1994.12
1984
1950.85
1939.07
1955.69
1985.26
1975.76
1952.54
1888.8
1928.4
1955.84
2004.41
2016.01
1983.98
2008.75
2009.12
2074.11
2072.74
2066.97
2043.73
2023.36
2031.71
1985.68
2023.74
1980.12
1986.09
1953.49
1952.67
1945.78
1981.98
1929.21
1987.83
1948.01
1967.72
1954.02
1940.69
1927.02
1957.73
1952.1
1941.6
1917.54
1954.92
1937.07
1974.82
2004.54
1986.8
1980.77
1985.31
1961.62
1922.59
1937.9
1936.47
1907.28
1949.57
1959.52
1943.24
1944.86
1939.59
1965.25
1994.18
2003.55
1994.38
2006.11
2001.24
1981.41
1939.01
1960.75
1927.56
1929.12
1923.55
1899.95
1876.85
1918.71
1953.02
1942.32
1938.84
1954.38
2012.87
1998.73
1980.32
1975.11
1982.58
1974.73
2011.96
2019.29
2012.27
1998.99
1987.76
1982.4
1989.73
1986.63
2005.1
1998.92
2029.64
2050.69
2037.59
2004.04
2047.36
2046.67
2097.31
2115.7
2110.48
2091.39
2089.32
2092.8
2128.49
2136.54
2115.15
2131.18
2139.06
2134.18
2153.78
2164.89
2207.47
2236.31
2233.36
2233.37
2252.26
2254.59
2246.63
2237.61
2218.45
2236.89
2224.67
2253.2
2230.37
2225.27
2211.58
2220.68
2219.45
2220.53
2233.7
2273.11
2282.46
2285.81
2258.24
2218.41
2250.58
2252.18
2258.82
2228.46
2285.79
2234.6
2251.78
2255.48
2264.26
2268.57
2260.49
2258.1
2205.86
2221.28
2241.97
2229.86
2242.41
2240.65
2224.59
2245.76
2265.69
2253.45
2253.28
2257.73
2272.09
2270.67
2273.89
2274.48
2277.23
2283.69
2297.72
2302.03
2282.1
2300.04
2284.97
2260.02
2255.56
2287.52
2300.9
2325.19
2309.44
2323.77
2350.23
2368.03
2371.16
2391.94
2380.82
2416.38
2394.79
2364.63
2356.39
2360.7
2387.74
2376.01
2355.23
2357.28
2333.01
2272.52
2278.11
2334.1
2320.51
2299.18
2292.47
2275.68
2290.97
2310.29
2327.88
2338.09
2364.72
2349.46
2359.54
2411.12
2457.36
2472.33
2451.89
2459.5
2453.98
2459.81
2447.54
2443.11
2427.35
2417.09
2427.19
2425.29
2404.82
2392.67
2405.05
2407.53
2380.11
2438.8
2439.16
2423.92
2395.05
2366.59
2358.23
2335.04
2340.03
2317.49
2271.31
2248.18
2247.82
2261.15
2239.75
2229.44
2143.13
2148.62
2194.37
2217.18
2201.86
2179.71
2190.67
2231.12
2219.62
2212.81
2213.78
2214.38
2211.81
2161.04
2213.89
2194.56
2189.91
2185.47
2212.32
2225.8
2226.24
2252.43
2260.7
2266.92
2286.5
2300.68
2310.97
2311.93
2291.23
2344.45
2411.11
2407.62
2383.16
2365.29
2317.36
2316.94
2308.94
2273.81
2170.36
2199.6
2233.18
2234.33
2183.7
2209.62
2224.28
2252.92
2235.15
2174.57
2171.62
2215.12
2235.93
2213.21
2203.13
2161.79
2209.7
2212.73
2175.61
2143.28
2069.53
2101.31
2038.99
1817.45
1970.78
1999.88
1967.01
2043.96
2009.56
1918.75
1934.94
1908.1
1973.25
1970.27
2033.49
1972.14
1999.93
2060.07
2125.29
2099.26
2093.04
2121.52
2120.86
2138.8
2115.58
2123.12
2171.56
2179.56
2133.05